8123904571258;Dat;1000000.0;9659;OuBankId: 226148938937; 
5678901234567;Dat;100000.0;7662;OuBankId: 146903734324;3771 4052 1747 2619
1234567891345;Anh;1000000.0;7337;OuBankId: 318649179678;7723 1776 2032 7796
3537529384509;Bilal Anar;8901.0;4912;PK00COMSATS0968501458903;2461 9985 3779 9072
8989898898989;Bilo;88888.0;8464;PK00COMSATS0864311979667;3320 3302 1143 4682
0909090909090;Ptta;9.0;2617;PK00COMSATS0612931598678;7501 8058 6334 5720
1234567890987;Billll;2727.0;5786;PK00COMSATS0121332169709;1742 2532 5608 5868
0987654321123;Ali Ahmed;2333.0;8900;PK00COMSATS0593357814374;2014 6479 8574 5575
1122334455667;Bilal Ansar;7000.0;8640;PK00COMSATS0830643362449;6729 2671 9695 1408
9090909090909;Ali Ahmed;7000.0;7941;PK00COMSATS0729364413129;2134 4169 4887 9459
1234567891234;NguyenAnhTuan;1.2032003E7;2825;OuBankId: 456245484035;2022 6969 5405 1067
1231231231231;Tuan;1000000.0;6664;OuBankId: 683464427067;7486 1652 5795 1784
1234567895678;Dat;1000000.0;9101;OuBankId: 373875160063;3738 1404 6441 4495
1234567890980;Dat;1000000.0;9256;OuBankId: 244737832475;7020 6081 8540 8304
5678901234566;Dat;1.0E7;9315;OuBankId: 696596805390;5227 7843 9623 7980
7891234567890;Dat;1000000.0;5346;OuBankId: 944827488028;8436 6175 2537 7180
